  0.000000000e+00
  0.000000000e+00
  4.470692366e-04
  9.857316618e-04
  1.634602610e-03
  2.416012634e-03
  3.356718632e-03
  4.488739012e-03
  5.850318060e-03
  7.487055674e-03
  9.453171104e-03
  1.181296708e-02
  1.464239618e-02
  1.803082118e-02
  2.208278066e-02
  2.691981086e-02
  3.268205858e-02
  3.952957952e-02
  4.764292872e-02
  5.722279364e-02
  6.848793214e-02
  8.167111392e-02
  9.701219682e-02
  1.147476088e-01
  1.350963314e-01
  1.582413118e-01
  1.843081314e-01
  2.133408290e-01
  2.452793616e-01
  2.799394232e-01
  3.170022268e-01
  3.560136658e-01
  3.964009780e-01
  4.374998908e-01
  4.785992404e-01
  5.189861158e-01
  5.579979320e-01
  5.950604776e-01
  6.297206780e-01
  6.616591314e-01
  6.906919380e-01
  7.167586188e-01
  7.399036784e-01
  7.602523666e-01
  7.779878278e-01
  7.933288912e-01
  8.065121074e-01
  8.177771668e-01
  8.273571630e-01
  8.354703288e-01
  8.423180480e-01
  8.480800490e-01
  8.529173036e-01
  8.569691280e-01
  8.603576322e-01
  8.631869654e-01
  8.655469318e-01
  8.675128322e-01
  8.691497940e-01
  8.705111844e-01
  8.716434138e-01
  8.725838764e-01
  8.733655112e-01
  8.740141494e-01
  8.745530742e-01
  8.749998910e-01
  8.753950494e-01
  8.758113486e-01
  8.762506144e-01
  8.767132862e-01
  8.772013084e-01
  8.777151212e-01
  8.782569066e-01
  8.788269862e-01
  8.794278994e-01
  8.800598488e-01
  8.807254924e-01
  8.814252720e-01
  8.821618452e-01
  8.829358922e-01
  8.837499512e-01
  8.846049416e-01
  8.855034006e-01
  8.864463674e-01
  8.874363792e-01
  8.884748328e-01
  8.895640266e-01
  8.907054770e-01
  8.919014824e-01
  8.931537974e-01
  8.944643628e-01
  8.958354104e-01
  8.972684038e-01
  8.987656938e-01
  9.003288640e-01
  9.019599066e-01
  9.036605254e-01
  9.054323538e-01
  9.072769778e-01
  9.091960294e-01
  9.111906188e-01
  9.132623774e-01
  9.154117006e-01
  9.176404578e-01
  9.199480908e-01
  9.223365886e-01
  9.248045580e-01
  9.273537500e-01
  9.299821752e-01
  9.326909882e-01
  9.354778426e-01
  9.383431776e-01
  9.412838118e-01
  9.442999466e-01
  9.473874466e-01
  9.505460366e-01
  9.537707464e-01
  9.570607050e-01
  9.604102270e-01
  9.638179644e-01
  9.672772782e-01
  9.707865818e-01
  9.743382828e-01
  9.779306752e-01
  9.815553324e-01
  9.852101906e-01
  9.888864652e-01
  9.925819740e-01
  9.962874546e-01
  1.000000368e+00
  1.003711810e+00
  1.007418762e+00
  1.011112798e+00
  1.014790426e+00
  1.018444170e+00
  1.022069822e+00
  1.025661340e+00
  1.029213796e+00
  1.032722344e+00
  1.036182532e+00
  1.039589276e+00
  1.042939792e+00
  1.046228756e+00
  1.049454580e+00
  1.052611936e+00
  1.055700670e+00
  1.058715452e+00
  1.061657558e+00
  1.064521422e+00
  1.067309748e+00
  1.070016970e+00
  1.072647224e+00
  1.075194468e+00
  1.077664504e+00
  1.080050816e+00
  1.082360636e+00
  1.084587206e+00
  1.086738716e+00
  1.088808406e+00
  1.090804946e+00
  1.092722046e+00
  1.094568622e+00
  1.096338618e+00
  1.098040950e+00
  1.099670280e+00
  1.101235044e+00
  1.102730858e+00
  1.104165448e+00
  1.105534898e+00
  1.106846942e+00
  1.108097898e+00
  1.109295024e+00
  1.110435592e+00
  1.111525430e+00
  1.112563238e+00
  1.113553896e+00
  1.114496336e+00
  1.115395442e+00
  1.116249666e+00
  1.117064372e+00
  1.117837772e+00
  1.118574992e+00
  1.119274244e+00
  1.119940414e+00
  1.120571958e+00
  1.121173276e+00
  1.121742832e+00
  1.122285022e+00
  1.122798548e+00
  1.123286858e+00
  1.123749122e+00
  1.124189034e+00
  1.124604568e+00
  1.125000610e+00
  1.125446424e+00
  1.125986472e+00
  1.126633748e+00
  1.127416984e+00
  1.128355846e+00
  1.129489556e+00
  1.130849466e+00
  1.132487908e+00
  1.134452208e+00
  1.136814014e+00
  1.139641388e+00
  1.143031732e+00
  1.147081956e+00
  1.151920692e+00
  1.157681092e+00
  1.164530650e+00
  1.172641858e+00
  1.182223932e+00
  1.193486794e+00
  1.206672326e+00
  1.222010954e+00
  1.239748852e+00
  1.260094984e+00
  1.283242600e+00
  1.309306724e+00
  1.338342326e+00
  1.370277984e+00
  1.404940742e+00
  1.442000968e+00
  1.481014864e+00
  1.521399840e+00
  1.562501088e+00
  1.603597984e+00
  1.643987312e+00
  1.682996856e+00
  1.720061434e+00
  1.754719840e+00
  1.786659850e+00
  1.815691100e+00
  1.841759576e+00
  1.864902840e+00
  1.885253324e+00
  1.902986870e+00
  1.918329850e+00
  1.931511030e+00
  1.942778244e+00
  1.952355966e+00
  1.960471526e+00
  1.967316732e+00
  1.973081484e+00
  1.977915868e+00
  1.981970444e+00
  1.985356436e+00
  1.988188162e+00
  1.990545616e+00
  1.992514268e+00
  1.994148358e+00
  1.995512620e+00
  1.996641978e+00
  1.997585192e+00
  1.998364076e+00
  1.999015704e+00
  1.999551400e+00
  2.000001566e+00
