  0.000000000e+00
  0.000000000e+00
  5.516089732e-04
  1.224796521e-03
  2.046211389e-03
  3.048271175e-03
  4.270375473e-03
  5.760357017e-03
  7.576210191e-03
  9.788127849e-03
  1.248090877e-02
  1.575672463e-02
  1.973832935e-02
  2.457263529e-02
  3.043467343e-02
  3.753180265e-02
  4.610796809e-02
  5.644764961e-02
  6.887913285e-02
  8.377599181e-02
  1.015563512e-01
  1.226778424e-01
  1.476272846e-01
  1.769030784e-01
  2.109883632e-01
  2.503146622e-01
  2.952153590e-01
  3.458721134e-01
  4.022584466e-01
  4.640897604e-01
  5.307882932e-01
  6.014757248e-01
  6.750001816e-01
  7.500000092e-01
  8.249998000e-01
  8.985242936e-01
  9.692116884e-01
  1.035910258e+00
  1.097741476e+00
  1.154127964e+00
  1.204784504e+00
  1.249685416e+00
  1.289011588e+00
  1.323096882e+00
  1.352372754e+00
  1.377322090e+00
  1.398443806e+00
  1.416223896e+00
  1.431120980e+00
  1.443552148e+00
  1.453892338e+00
  1.462467802e+00
  1.469565736e+00
  1.475427044e+00
  1.480261910e+00
  1.484243048e+00
  1.487519370e+00
  1.490211620e+00
  1.492424116e+00
  1.494239226e+00
  1.495730028e+00
  1.496951236e+00
  1.497954236e+00
  1.498774662e+00
  1.499448882e+00
  1.499999418e+00
  1.500467406e+00
  1.500971688e+00
  1.501521216e+00
  1.502113476e+00
  1.502757892e+00
  1.503453388e+00
  1.504208908e+00
  1.505025044e+00
  1.505910740e+00
  1.506867780e+00
  1.507905350e+00
  1.509026900e+00
  1.510242090e+00
  1.511554852e+00
  1.512976990e+00
  1.514512672e+00
  1.516175376e+00
  1.517969980e+00
  1.519911632e+00
  1.522006408e+00
  1.524271354e+00
  1.526713268e+00
  1.529350860e+00
  1.532193320e+00
  1.535259826e+00
  1.538562196e+00
  1.542120558e+00
  1.545948880e+00
  1.550068958e+00
  1.554495708e+00
  1.559253320e+00
  1.564357654e+00
  1.569834812e+00
  1.575701134e+00
  1.581984146e+00
  1.588701146e+00
  1.595879418e+00
  1.603536982e+00
  1.611700636e+00
  1.620387452e+00
  1.629623038e+00
  1.639422314e+00
  1.649808986e+00
  1.660793678e+00
  1.672397002e+00
  1.684623852e+00
  1.697489844e+00
  1.710992946e+00
  1.725141392e+00
  1.739925280e+00
  1.755342826e+00
  1.771375790e+00
  1.788011178e+00
  1.805220024e+00
  1.822978838e+00
  1.841246978e+00
  1.859989746e+00
  1.879156010e+00
  1.898700816e+00
  1.918563502e+00
  1.938690288e+00
  1.959013836e+00
  1.979473932e+00
  1.999999420e+00
  2.020526990e+00
  2.040985004e+00
  2.061310872e+00
  2.081435100e+00
  2.101300820e+00
  2.120842354e+00
  2.140011890e+00
  2.158751386e+00
  2.177023036e+00
  2.194777864e+00
  2.211990934e+00
  2.228622336e+00
  2.244659048e+00
  2.260072608e+00
  2.274860960e+00
  2.289004702e+00
  2.302512270e+00
  2.315373796e+00
  2.327605350e+00
  2.339204208e+00
  2.350193128e+00
  2.360575572e+00
  2.370379076e+00
  2.379610434e+00
  2.388301478e+00
  2.396460904e+00
  2.404122458e+00
  2.411296740e+00
  2.418017968e+00
  2.424296752e+00
  2.430167302e+00
  2.435640232e+00
  2.440748794e+00
  2.445502178e+00
  2.449933156e+00
  2.454049006e+00
  2.457881556e+00
  2.461435690e+00
  2.464742288e+00
  2.467804328e+00
  2.470651730e+00
  2.473284142e+00
  2.475731476e+00
  2.477991000e+00
  2.480090722e+00
  2.482027904e+00
  2.483826740e+00
  2.485485452e+00
  2.487024886e+00
  2.488443272e+00
  2.489759548e+00
  2.490971462e+00
  2.492096050e+00
  2.493130582e+00
  2.494091136e+00
  2.494973080e+00
  2.495792968e+00
  2.496544736e+00
  2.497243984e+00
  2.497884648e+00
  2.498480900e+00
  2.499026196e+00
  2.499534710e+00
  2.499998466e+00
  2.500553234e+00
  2.501222984e+00
  2.502048118e+00
  2.503046410e+00
  2.504272086e+00
  2.505758660e+00
  2.507577998e+00
  2.509786504e+00
  2.512482744e+00
  2.515755076e+00
  2.519740206e+00
  2.524570840e+00
  2.530436618e+00
  2.537529844e+00
  2.546109778e+00
  2.556445974e+00
  2.568880660e+00
  2.583774464e+00
  2.601557834e+00
  2.622676270e+00
  2.647628886e+00
  2.676901716e+00
  2.710989576e+00
  2.750313658e+00
  2.795216184e+00
  2.845871348e+00
  2.902258974e+00
  2.964089292e+00
  3.030788524e+00
  3.101475614e+00
  3.175000292e+00
  3.249999898e+00
  3.324999912e+00
  3.398524182e+00
  3.469211680e+00
  3.535910504e+00
  3.597741230e+00
  3.654128448e+00
  3.704784020e+00
  3.749686138e+00
  3.789010628e+00
  3.823098080e+00
  3.852371318e+00
  3.877323526e+00
  3.898442370e+00
  3.916225332e+00
  3.931119544e+00
  3.943553822e+00
  3.953890426e+00
  3.962469952e+00
  3.969563586e+00
  3.975428956e+00
  3.980259998e+00
  3.984244720e+00
  3.987517460e+00
  3.990213292e+00
  3.992422206e+00
  3.994241136e+00
  3.995728118e+00
  3.996953386e+00
  3.997952086e+00
  3.998776812e+00
  3.999446970e+00
  4.000001330e+00
