  0.000000000000000E+000
  0.000000000000000E+000
  7.241718040258416E-003
  1.541983224264326E-002
  2.463675886166167E-002
  3.500079723610650E-002
  4.662488162536510E-002
  5.962478773238472E-002
  7.411670638982149E-002
  9.021411102706001E-002
  0.108023873601227     
  0.127641628937048     
  0.149146452070333     
  0.172594997223457     
  0.198015346966066     
  0.225400927754696     
  0.254704949883407     
  0.285835907488052     
  0.318654706340096     
  0.352973953472326     
  0.388559829313031     
  0.425136768186341     
  0.462394911353903     
  0.500000000000000     
  0.530130118195174     
  0.560047982873294     
  0.589547279612108     
  0.618433222494135     
  0.646527479042677     
  0.673672180445088     
  0.699732851644640     
  0.724600189333703     
  0.748190706256823     
  0.770446337705880     
  0.791333164025142     
  0.810839438392449     
  0.828973122575377     
  0.845759127864513     
  0.861236438606005     
  0.875455266861362     
  0.888474353573278     
  0.900358498220374     
  0.911176368209368     
  0.920998612975167     
  0.929896286763640     
  0.937939568437814     
  0.945196755949274     
  0.951733506635669     
  0.957612291407085     
  0.962892030336619     
  0.967627878421129     
  0.971871132691923     
  0.975669234927816     
  0.979065847574727     
  0.982100983837352     
  0.984811176100344     
  0.987229669751216     
  0.989386632059749     
  0.991309368001905     
  0.993022536807687     
  0.994548364585623     
  0.995906849663342     
  0.997115958319661     
  0.998191809404494     
  0.999148846982675     
   1.00000000000000     
   1.00109447608900     
   1.00227654893530     
   1.00355311294419     
   1.00493158566515     
   1.00641994421769     
   1.00802676369653     
   1.00976125756345     
   1.01163332001098     
   1.01365357025598     
   1.01583339868829     
   1.01818501476046     
   1.02072149645833     
   1.02345684113691     
   1.02640601744262     
   1.02958501796804     
   1.03301091219994     
   1.03670189922288     
   1.04067735952896     
   1.04495790515819     
   1.04956542725218     
   1.05452313994681     
   1.05985561935604     
   1.06558883620998     
   1.07175018050651     
   1.07836847631837     
   1.08547398467039     
   1.09309839216699     
   1.10127478281492     
   1.11003759025667     
   1.11942252741556     
   1.12946649036543     
   1.14020743309022     
   1.15168420970714     
   1.16393638071189     
   1.17700397988533     
   1.19092723870360     
   1.20574626544122     
   1.22150067667661     
   1.23822917962564     
   1.25596910466457     
   1.27475588857685     
   1.29462251047893     
   1.31559888405049     
   1.33771121159947     
   1.36098130760392     
   1.38542590164172     
   1.41105593297396     
   1.43787585139552     
   1.46588294118995     
   1.49506668698917     
   1.52540820189036     
   1.55687973916367     
   1.58944430913950     
   1.62305542225245     
   1.65765697763061     
   1.69318331398675     
   1.72955943588532     
   1.76670142378496     
   1.80451703072760     
   1.84290646237134     
   1.88176333052408     
   1.92097576375951     
   1.96042765245006     
   2.00000000000000     
   2.03957234754994     
   2.07902423624049     
   2.11823666947592     
   2.15709353762866     
   2.19548296927240     
   2.23329857621504     
   2.27044056411468     
   2.30681668601325     
   2.34234302236939     
   2.37694457774755     
   2.41055569086050     
   2.44312026083633     
   2.47459179810964     
   2.50493331301083     
   2.53411705881005     
   2.56212414860448     
   2.58894406702604     
   2.61457409835828     
   2.63901869239608     
   2.66228878840053     
   2.68440111594951     
   2.70537748952107     
   2.72524411142315     
   2.74403089533543     
   2.76177082037436     
   2.77849932332339     
   2.79425373455878     
   2.80907276129640     
   2.82299602011467     
   2.83606361928811     
   2.84831579029286     
   2.85979256690978     
   2.87053350963457     
   2.88057747258444     
   2.88996240974333     
   2.89872521718508     
   2.90690160783301     
   2.91452601532961     
   2.92163152368163     
   2.92824981949349     
   2.93441116379002     
   2.94014438064396     
   2.94547686005319     
   2.95043457274782     
   2.95504209484181     
   2.95932264047104     
   2.96329810077712     
   2.96698908780006     
   2.97041498203196     
   2.97359398255738     
   2.97654315886309     
   2.97927850354167     
   2.98181498523954     
   2.98416660131171     
   2.98634642974402     
   2.98836667998902     
   2.99023874243655     
   2.99197323630347     
   2.99358005578231     
   2.99506841433485     
   2.99644688705581     
   2.99772345106470     
   2.99890552391100     
   3.00000000000000     
   3.00085115370621     
   3.00180819135112     
   3.00288404250843     
   3.00409315124333     
   3.00545163640610     
   3.00697746427592     
   3.00869063318072     
   3.01061336922935     
   3.01277033165205     
   3.01518882542498     
   3.01789901781803     
   3.02093415421872     
   3.02433076701159     
   3.02812886940107     
   3.03237212383259     
   3.03710797208430     
   3.04238771118653     
   3.04826649613489     
   3.05480324700087     
   3.06206043469253     
   3.07010371654511     
   3.07900139050729     
   3.08882363543873     
   3.09964150558144     
   3.11152565036598     
   3.12454473719431     
   3.13876356553994     
   3.15424087634018     
   3.17102688165110     
   3.18916056581351     
   3.20866684011300     
   3.22955366631277     
   3.25180929758723     
   3.27539981427844     
   3.30026715167758     
   3.32632782253027     
   3.35347252353186     
   3.38156677963064     
   3.41045272202090     
   3.43995201823469     
   3.46986988236472     
   3.50000000000000     
   3.53760508864610     
   3.57486323181366     
   3.61144017068697     
   3.64702604652767     
   3.68134529365990     
   3.71416409251195     
   3.74529505011659     
   3.77459907224530     
   3.80198465303393     
   3.82740500277654     
   3.85085354792967     
   3.87235837106295     
   3.89197612639877     
   3.90978588897294     
   3.92588329361018     
   3.94037521226762     
   3.95337511837463     
   3.96499920276389     
   3.97536324113834     
   3.98458016775736     
   3.99275828195974     
   4.00000000000000     
